3.847023724564417602e-02
4.586181428539319316e-01
6.485165598729064618e-01
1.269728480925586545e-01
1.515582113951022963e-02
3.052272107209470006e-03
4.909347258829071365e-15
5.881722691107266199e-01
1.437158667045885518e-01
2.221437300205080997e-03
4.825235030460992003e-03
1.530221444505156514e-01
4.410434356261934961e-04
2.507951578743055077e-01
6.871210149707208806e-06
5.985652172788880065e-02
1.561910766185522492e-01
6.519506697087368297e-01
2.461539570642028163e-01
3.054997756098300904e-02
1.039273186291713932e-02
4.176900749592785816e-02
6.210880032495417202e-01
5.630850877019301093e-01
9.785563364494014038e-02
1.862427798954126856e-01
9.089878452428610438e-04
2.953370124563904284e-02
2.773450770660639692e-02
1.667504026130304795e-01
2.350720229298248684e-02
2.060245444910439316e-01
5.140496735528708033e-02
1.509710413653077010e-01
7.692797356350303262e-02
3.506078998286225046e-01
5.036792528327312113e-02
9.633268147294775652e-01
3.854230655163828345e-01
9.807505629589932661e-02
1.784282111595651976e-01
9.371051879102084703e-01
2.315012776054716226e-01
1.135661930608825310e-01
1.191976861887987631e-06
5.941055646764428766e-02
4.426530144107576059e-01
7.138186779963831552e-02
6.138028084876687163e-02
6.344876439933639922e-01
8.145975723731958551e-01
5.227970612519975413e-01
6.070236453599940907e-01
9.139567220113280488e-01
7.768343758969706858e-01
9.938622845733319222e-01
5.969980577429058188e-01
5.604222511841701060e-01
8.856354197998236311e-01
9.127348867817554057e-01
9.616746502781314820e-01
8.744716876055915744e-01
3.452494415354944723e-01
9.902068678996915896e-01
9.349750830406553526e-01
9.729050662057872056e-01
9.460575050311045286e-01
7.606314139881410474e-01
8.000558167860756242e-01
9.410787813010048630e-01
9.953075884702342613e-01
6.920281683081491719e-01
9.081418265093974540e-01
8.714818190728799152e-01
9.475942470223716052e-01
9.375424731197011807e-01
9.908185412779371148e-01
9.263747636071615332e-01
9.895570191815978855e-01
6.040183144683949346e-01
3.051399884504759630e-01
9.946710424822889918e-01
9.009613362722930230e-01
9.867441368237225285e-01
9.012301276875323008e-01
9.656321404095665750e-01
9.693302021129860391e-01
9.135680378546330305e-01
9.356113024874177508e-01
8.652346337417965438e-01
5.955460078088166131e-01
8.233140875810895931e-01
7.916148187307064932e-01
8.243916471427358283e-01
9.214254091554986426e-01
9.422209250135740177e-01
9.649026350028632182e-01
9.255632972428581295e-01
9.461846561210358608e-01
8.293872866124603060e-01
