1.345261018606112033e-03
2.809525852807135959e-01
3.191758482044679962e-02
2.334369858953838986e-02
7.163057820946923740e-03
1.008327040021791549e-01
2.218959904519101842e-02
1.790954556504378587e-03
2.410848377803996231e-02
5.553494668204175810e-02
1.070115241975581237e-03
1.035103648725132774e-01
1.586099342664397741e-02
8.475854782878626190e-03
3.900595463551005389e-04
5.536190810645942317e-01
2.309648971230019721e-01
1.434390480918514715e-04
3.232767431413133274e-02
2.743299401438963753e-02
4.316281919368801512e-02
7.125340333807093484e-04
4.442498786903598292e-03
1.166470527369570763e-02
1.968294486068188354e-01
2.117654527942109954e-01
3.084605086318487621e-01
4.996352672026265762e-01
8.838479857912974469e-02
1.806159738101948201e-02
5.817443891608618800e-02
9.322244481141700456e-01
9.088465402390835113e-01
1.184552661931464884e-01
2.211412083149069674e-02
1.863738778993938349e-03
9.106357404182733109e-03
5.948833111052985977e-03
7.974686856481989425e-03
1.828373357752408890e-01
2.899327587866313422e-02
1.527045938783286663e-03
8.218927310945718656e-02
5.864564338809995919e-02
3.938580547510045667e-03
2.705464203533892720e-01
1.777602042774648616e-01
1.380299997171560884e-02
2.354079522815718530e-04
1.829586177426351448e-02
9.849039847561155137e-01
9.892535599316478745e-01
9.967745810240553617e-01
5.915429727123040493e-01
7.369979919947977631e-01
4.911358668634466795e-01
6.550490414512222248e-02
5.648508785963777257e-01
9.937047096725364348e-01
9.990880164674728059e-01
7.680310066132602920e-01
9.985995496920913039e-01
9.458781673637176590e-01
8.735717244294590733e-01
2.200671162999897901e-01
9.946606101594505089e-01
9.215890447583150458e-01
9.977110308239248715e-01
9.945679489669071449e-01
4.131849858129548747e-01
9.898966098267090175e-01
9.967219161214702083e-01
9.998249371625789195e-01
9.881765113239272535e-01
7.612642316321750480e-01
7.598659282980504415e-01
9.959116403489884917e-01
9.904456888639009415e-01
9.608702972441253154e-01
9.297029113399560840e-01
2.295480358749375227e-01
9.664733397141833660e-01
6.908506232179336681e-01
8.981950981439297266e-01
9.992210500280838126e-01
9.942491947615279546e-01
9.442409806595574162e-01
9.945723991740106351e-01
9.905588901508273203e-01
7.281471308049171087e-01
9.398187477668861201e-01
9.429751568374842297e-01
4.354567969794366777e-01
9.994614705987161507e-01
9.435173125299954888e-01
8.902726175446858958e-01
9.869587545513984761e-01
9.954498464177435890e-01
9.996325110530533964e-01
9.369800885471963880e-01
