1.200707300370983593e+07
2.830060755750572309e+06
2.053349627180061489e+07
1.606087616252112901e+06
4.783638382951382664e+05
5.703832597331360914e+06
6.886166394200131763e+05
4.820699873320858460e+05
1.907380817207563668e+06
1.132473157258392312e+05
4.191204274975158740e+06
4.962777864761131350e+05
4.189604555029463954e+06
1.847467127411922906e+06
1.462725473976432695e+05
1.167846401941705728e+06
1.589606226680121850e+06
3.149976492304444779e+06
4.076744912440450280e+05
1.230337345224577148e+05
2.117774065487581305e+06
1.181130587482639530e+05
1.183327665896195220e+06
4.787750749996095896e+06
5.785120763921154430e+05
9.577387172841325402e+06
4.094136188127024216e+05
1.099017952136944979e+06
1.743962088956635911e+06
1.470248425078268396e+06
4.948321433283213410e+05
3.468906249197189696e+06
5.675753181982768700e+06
2.497052340170040354e+07
4.649183427396704210e+05
1.463161453960648738e+07
7.772321398300533183e+05
1.288509786362263141e+06
4.540732492057369091e+05
1.017657977609032393e+07
2.684629807630491443e+06
7.236615215514454059e+06
4.598350934228239930e+05
2.035863085371328052e+05
3.453020595787628554e+06
1.085020545292133093e+07
6.563929873806305230e+06
3.442970219271063688e+05
9.948880055883829482e+05
1.477462309438143391e+06
1.527578745977265062e+06
2.277807937141360017e+05
4.056871010571477003e+06
2.183873694561039447e+05
2.127407713584998157e+06
3.522158707409550552e+05
5.846707165420139208e+06
4.574528301668090746e+06
2.959765614468427375e+06
6.963038714716545073e+05
1.098598467429744452e+07
4.080023421158492099e+06
3.985492003366975579e+06
3.186520867633419693e+05
3.455773316100746742e+05
2.807890790889808442e+06
3.827106632342398516e+05
1.382968334164195880e+07
6.567700203212355264e+05
9.049442360288257478e+05
2.674052473649111344e+05
2.523963151248363138e+05
3.446972188515071175e+05
1.606585280674420530e+06
7.994630199947269866e+05
1.960012839716360671e+06
8.540657043548087822e+05
1.070503570831768773e+07
1.947205299346133368e+06
3.753511359372999519e+06
2.219430624619148206e+06
7.459830060788199306e+06
4.392413140134573914e+06
8.100480822852658108e+06
3.009592038804232609e+06
3.099623237291445257e+05
4.322482537987342803e+05
9.317480473731551319e+05
4.432113274905512226e+05
1.482184299397193594e+06
8.785873496844888432e+05
2.236948123689795379e+06
2.913300019691126421e+06
2.156309804858940188e+05
2.967196676152715227e+05
1.968502746298008715e+05
4.727941209410764277e+06
1.979200206115628826e+06
1.152213170204907423e+06
5.431737664029116277e+05
1.659350389272312168e+06
3.153664032316528028e+05
3.469941942105056369e+05
5.755697111911478452e+06
6.790627462267243303e+06
1.079942146850199206e+06
2.614699465274503920e+06
2.730027580239757895e+06
2.599855117799681320e+05
6.455616762928103562e+05
6.699276633173809387e+06
3.386955972210370237e+05
8.310036102299833670e+06
3.907444164055389818e+06
1.555271496927805943e+06
7.603650653011417016e+05
5.321582853174665943e+05
2.419449489556032233e+06
3.747306666698468383e+06
1.438549051882245578e+06
8.533553007890824229e+06
1.467702466729777632e+06
3.824995511791004799e+06
1.698584639536054165e+05
7.234733685095231049e+05
3.115353002301979344e+06
2.615232539735342725e+05
7.606002506680760533e+06
1.573360673116572434e+06
1.603861758086067857e+06
7.576898209482155507e+05
9.451215651233607903e+06
1.160381047995947674e+07
1.815622902420684695e+05
1.529093418557882833e+05
7.228500644445862854e+05
1.108054973791315220e+07
1.404659560885348474e+05
2.082967135363232519e+05
4.754518533361860900e+05
4.300202416163849644e+06
2.673268801057834178e+06
2.651405882029943168e+05
3.632074343555336236e+05
5.173093650563636795e+06
1.336284429333264125e+05
2.411211205197766831e+05
3.473982978374340106e+06
1.904072492571283074e+05
1.562210462533629034e+05
3.700016939746302669e+05
1.341891102649670502e+05
2.399102993597340828e+05
1.259428892331555951e+06
8.208216244486499578e+06
7.414614601429597242e+05
9.062853936861498281e+06
5.472632243508119136e+06
3.092182836408455856e+06
1.036004489295679890e+07
1.974084468760033371e+06
1.461196945772882178e+07
5.368535776498038322e+06
5.571565365768563934e+05
1.031031742124149227e+06
1.836022146083410457e+07
6.591447873793932376e+04
2.302764125671310350e+06
1.118491671354550403e+06
4.044447580369883683e+06
1.156766126205672510e+06
1.376954293656929396e+06
3.981886621992329601e+06
1.278072422870214563e+06
5.428592345746862702e+06
5.490386552955029532e+06
1.507050953342678957e+07
4.156840408806254272e+05
5.508000521945599467e+05
2.269837583774490282e+06
2.108228696812204085e+06
1.900996853562203760e+05
3.336463822988134809e+06
1.027199723930314183e+06
8.822973963025338948e+06
3.701927521805153810e+05
3.314501414428282529e+07
5.369386655103338417e+05
2.770463007941004261e+07
1.132908969761050539e+06
2.084147913851867197e+06
3.286419071960815229e+06
3.826765414009711239e+05
1.150231581318989629e+06
6.969229694018396549e+05
5.104401315963758971e+05
9.407753134138695896e+06
3.053397715471531264e+05
4.349787112662043422e+06
3.137465328863117611e+05
6.130488366681982297e+05
2.071710738353274018e+07
4.361520644916466437e+06
7.361659059702392551e+04
1.567166717167974822e+07
4.425884655934692710e+05
1.969043436372763291e+07
5.696556108907883987e+06
1.225296943459298462e+06
1.558913779069331288e+07
1.820277614421472419e+06
1.797106760043642018e+06
1.043642768516317126e+06
4.719139487991558271e+05
1.786188870800301374e+05
8.150364973919072654e+05
1.519452507554010302e+07
3.139472615148031618e+06
1.957354872990593140e+05
1.226000816540050553e+06
8.752261839511420578e+06
8.848346422049717978e+06
5.680647737234171946e+05
3.345907386806978611e+05
9.110836813016679138e+06
1.804704601158310252e+05
4.498128857482981868e+06
2.718577136807709467e+05
2.252950013300557155e+06
1.805992236239475664e+06
1.115591538788454054e+05
1.321540825755518745e+05
2.599600822865948547e+06
6.821070957081395201e+06
5.021216637976841070e+06
1.636536101157567278e+07
3.601894505712242099e+05
1.367580486167719355e+06
2.577965648798976326e+05
5.621580415187904146e+05
3.171172419782086508e+05
9.579851172878134530e+05
2.180820794452279340e+06
6.544718137463629246e+05
1.331406243428866751e+07
5.726175182886052877e+06
1.160329382430697605e+07
1.424962421303337906e+05
4.012555963012500433e+05
3.277438366478955839e+06
